gUeFDIpsQJdf,$74629.62,10554,7943,34726,34677,63358,36080,18580,32426,9857,86038
rbgLELpnAIDKLIAuaWOaE,$86848.62,83634,17217,24042,60143,69907,72046,24305,79602,6287,89701
pniPvMaGUabUxPUcPPw,$28373.78,11357,97877,29571,83303,88834,9173,89490,78535,66084,754
AyGMznHYNDwDXzTovLknDAtt,$22676.91,1301,75855,14366,18947,18894,21399,44895,37607,40355,43672
TuFrXeqrsLeCyhD,$44788.93,73446,19683,21632,16053,33950,7232,34847,22001,52027,39106
quVKAMjEdAWpeYNmCgniobneMfBtPTvhNRRo,$62265.95,23441,32445,27289,84927,11129,24769,32849,44750,71450,81272
JnjDiPRzhg,$64636.79,16696,95455,25253,92797,63281,99246,29456,86623,31692,56646
UpuiYoBiBkmJaekGkopjAz,$1513.00,14054,21451,21156,99682,60977,93608,70511,45381,6581,92269
ArTlFIuFjSOaVszT,$96874.56,47737,92359,19396,14171,53336,13005,84582,98618,19486,43604
TpKEvuYADsPdoiCHnOvWKKhCCdSHwQaPFKuA,$51569.74,99375,70736,76110,68484,31841,50717,74521,56200,59008,18317
NnQPpTIXPYxFFizFNthv,$32724.79,28892,27749,2204,51745,53409,20421,30545,35097,8041,17994
QekoTkLapuzUHSCdXBkCaFNKdcDOdoq,$8700.98,82441,80182,78223,40070,34743,35405,94650,32987,20170,78123
sHRTmgWaVrRVaDgtqEicy,$28044.95,43796,35867,16387,88571,61400,89979,68565,66237,70860,47626
ykSPcPpFVivAqWzueuVnnHbEHHdYInW,$14228.94,73835,81120,61255,32890,43347,60848,26833,66386,9586,23655
jIPnqxqOFdlMaBjYGTCiodJybkdBFd,$65390.96,61113,36061,32673,41169,35523,9944,17609,32238,33029,90608
egsLaVtoyCmYMpBRSsh,$46772.91,57850,72819,64444,75359,71709,97373,32720,41621,38719,22865
rOdkDcMPbYFCQyuxCsgJUGHgAJOppDWG,$82332.69,18331,40550,85402,43143,15570,37656,83062,96730,12075,24416
r3X5WOwczi:;swHBLYR,$82332.69,>&($)#^<(,3065,90795,18776,21185,46274,76390,77666,99026,99971
imbUbPapUcgCOaL,$82114.92,21667,70799,77569,94666,78513,84326,58561,5004,45517,35382
eicPIwQywgSXMUNmGHLUwKAYATpV,$10377.98,56748,14503,34525,84136,35479,18467,94022,34943,80113,56111
XtQfFLCqLbqFqMkvdsJvqGKe,$65203.77,58968,43081,26938,88325,70037,17766,88164,3097,18865,86555
