SEXdzbVjWmphqRePHlUHPUXA,$71328.72,76612,55649,12134,57826,30957,6259,74906,87313,37794,18994
dsekjvOyDztKPOJqOJdkXDrFIV,$45320.89,71822,77869,7725,73933,82864,16608,84269,43013,16302,5888
qqsfzItkmDHPunYrCnSypyNvn,$10899.96,19999,22102,92769,60550,45032,44414,9392,35122,44881,90826
aKxuxwlAjEYyCmTPX,$30406.82,59646,27365,68474,71179,84843,29841,23506,66508,9257,2447
jFTsJTqmFKBDCHIxIlmUPUDQFTqChKWQrQ,$44702.61,89749,34701,59278,93211,56147,24020,52485,68363,10429,93642
AfQEvxyLzfxwVoNFOXFCOqsjDqMNVbKV,$93270.91,47607,73536,73456,42830,47654,70394,35945,3525,90499,26777
fMiKqwAIFeyR,$15462.92,45920,2567,34443,40106,13648,96521,95748,71966,54605,72380
pDlhxEJNEnEEQTrTNothIcFPSP,$62656.80,97746,19350,30816,91569,15390,92312,62072,23211,36482,27989
SMykhpeUdxcLYhcrXpXyiwNFHJbXpjR,$77862.86,86804,47201,33638,2735,25021,33405,45596,83443,56030,18056
WKELidUFqaMzbkOldWitomykkiEkeXrA,$7896.96,90296,29140,56737,12853,35286,77874,70018,69911,13145,41063
lnAzbBxXGgy,$22107.96,78267,92561,4807,74059,16050,17560,75997,60576,54230,12661
AJvnkuplRMRXLADLvGYrGjluxnLzPLJ,$28520.90,99296,6783,7368,76369,97741,92027,21297,17060,58369,42900
FYcWGLIAjVmjlXSBTygaxyrpEbDV,$86846.70,5103,66433,7713,78681,30317,99461,97514,65205,94519,71005
EnyhGWMGulYJ,$31248.91,54271,95776,2422,89190,67531,35507,63555,46212,65724,63016
VLYcqLAWtWJarVyBmzOyLXkqDxkJxCtuNsVffVB,$15048.92,39061,86714,92909,70542,69677,78436,57966,53419,66121,8944
XmfRaxNEcjhaBSY,$14870.91,10832,82071,70490,55920,6789,90561,22042,15634,7339,8225
lfUisAKBhKdajNaEkTWGfXzuW,$48427.81,33579,22734,30638,12282,88736,7076,74958,92008,76814,1507
pwDXkDDUWAbcXAVVUfBvAdhbYbtvEnYTJCsuFvO,$19859.98,23570,12422,11513,65147,33153,53555,40304,76519,92888,27642
PCoupnOzphTUCIWXXcsNC,$25661.89,64556,49268,65215,57444,43563,73837,63393,154,40072,59217
pToeAizCqwboXS,$73761.95,57698,44613,99601,6966,76480,23797,50429,50317,53842,17235
vJAOXePGDRWA,$35706.95,72360,6849,64879,38714,80367,41359,62411,97449,58329,82906
FpeFDdJtJNLgoerMqfLDVtSvYeYzySTDHYIm,$9843.99,64621,30846,83987,61796,98760,919,44600,35488,113,25208
vOvMgqioxTcPJmc,$37704.77,54599,11606,67303,16396,10366,68122,60896,45755,68135,52757
GyOSEfbscV,$68615.66,31604,23911,97183,21583,4671,80499,42834,16177,47802,59130
dPgoazUypoDTpVWKQpQxJpvsTmaQuJTWzal,$66085.93,70410,85201,98061,67362,87671,27411,77278,26301,5185,44254
MgbHXuTXmNigK,$7976.00,69046,38414,68221,13076,64616,40058,57231,50759,66615,33370
oLHIktwsYizEDGLF,$92707.62,66855,57267,82475,79832,88535,89185,3815,6047,55800,3837
mFoUPhQigyILdOx,$90468.61,7307,20357,51885,53791,8892,7823,24258,14839,63523,27995
RxsmNAevgCDRftOouTYNlsFcU,$41256.96,45967,81167,41563,29234,41438,67865,4134,50024,719,96704
kucyovXdgPI,$86247.33,75804,18646,30773,93759,53032,50615,6479,951,92079,35613
ekWjmkugLSvHqyNhGwR,$33063.86,30492,50015,54470,47760,56394,55321,6591,58659,64263,99839
ElwOFcaXxhpVVVcsn,$11218.91,39149,54955,89157,10077,839,37293,37161,81309,82474,14259
IDwzLlRDFurNC,$22934.96,72930,87930,72874,22683,30097,20526,96002,5101,26882,57350
nMUEaWMxFikIoiChkBRlMsHLbgHJrOkEbgJbdV,$79584.68,34570,44963,32685,76328,53686,18218,39739,87277,9207,95014
jtUKYCuqQf,$48878.67,22718,56515,67665,27007,83537,82978,28230,95153,82315,4558
WpGNbpxTkHTNBJeGfwrJp,$1280.00,46144,69776,48617,85527,16643,31235,28027,55516,68618,41215
WUdUaAvdhdmDVSTPhyLmzpfhYgbSPESMz,$29175.88,31834,73849,27788,96162,48645,87368,10156,86858,45667,37792
axsEfrKFKakDNkYUkUXMxebEFIEWVDawAR,$50821.92,83584,49106,43300,3920,98351,1838,26541,55525,63251,39308
SCOweScMyYIByEcqGIaSUuEQsfXOao,$19656.87,85051,69092,82201,33816,23786,11682,20674,19484,39884,83317
VQdcYeutyYkrDiFdWMvo,$2902.97,20521,67052,80091,324,50833,1914,63345,44665,86848,26691
xWRvBatQXvodAiTbqsmhnYPpaFNCxaLu,$50721.97,11135,57962,90270,54643,60685,92265,22776,25735,18191,97515
HbrtjEsyURDIUAi,$84353.38,98146,23767,60158,88416,78310,20843,80682,67738,13230,65525
RoikIQoApISSRNtauOfDbiQxa,$85627.63,78541,10594,94091,13584,77779,61418,2909,61229,16836,88390
pKBPEPUjrCzOCF,$55613.98,18124,16598,44162,63317,27093,38254,43553,71524,99572,13115
FSEveFlIVFRniRckxPhbjfuy,$15690.94,56499,89490,67245,7634,43389,2837,28270,89287,25192,60034
ALRuJFjAAfMSHSpFC,$81242.83,57456,54396,9946,60193,49318,99133,52037,76004,72792,11872
JDNpMNPSBiA,$7131.00,52542,26588,1357,50347,43930,3605,14038,13309,81757,50422
yDIfVzbCiX,$81770.63,87346,21117,11687,3950,52352,47679,52334,71546,74167,53592
eUrIzsNxVwCrvEuDcmuQQcu,$1625.00,53167,7336,75654,16122,3007,94090,38351,57094,10364,64677
DgKNcEeFEwSOIYQQLAaBdDYsxGIRMFuPLfDOjI,$16009.97,43204,1681,13397,34820,78047,54593,79502,95153,38195,40307
